1 10
100 200
201 210
900 1000
460207 667653
373881 480491
506091 892131
589709 720442
1771 369470
279882 888315
290577 440627
564466 610509
161113 182337
64721 230847
10299 197564
128157 170628
109367 138842
547856 567991
238722 536022
183994 200921
23379 339988
116287 927085
287207 649308
28529 57772
622323 999853
147348 205822
480045 589148
399696 822324
86923 294538
353167 751502
118353 655867
737768 914767
469964 908094
361894 816821
111905 960875
449921 600183
432014 484136
18888 916176
220900 325151
502760 529540
43147 788949
533642 539731
175634 327688
369076 777630
18610 43745
27287 138388
349841 566043
347701 355576
177333 272205
306968 698536
104889 803810
13830 87912
67823 83048
335000 638880
35059 271543
473482 667632
5501 90978
315691 928341
200079 395889
211966 274006
283414 484219
591275 710290
215603 278313
45753 570180
137764 256412
406375 538030
3424 45578
38104 61494
66189 405042
28067 275301
608213 759779
184298 451973
384 151098
27991 68145
329105 505258
4216 12668
213166 730785
5080 206200
316428 683724
106206 345430
186663 418739
498281 809477
231954 740805
27245 97029
545813 886855
547397 812876
24490 660668
8398 535998
174041 177014
55761 75139
11142 63866
582292 929798
381858 396678
435809 775403
104865 228240
620639 888798
592633 654566
30172 51346
6320 69745
196908 401408
23689 113866
467363 861456
263297 546771
128950 132529
36086 100563
81188 306602
544870 648736
4362 19846
63569 898530
23140 680321
15297 813788
59200 480811
193505 218866
76571 735969
64710 998636
542777 916656
366103 756325
568601 742244
138197 895041
238479 786006
28161 52619
237987 379011
63185 187172
47623 166231
319815 901446
215245 352813
217993 831510
386027 566469
513115 923541
56715 101591
57501 58475
50602 842306
31055 440417
209278 288927
316127 484996
466707 638762
218989 555499
32502 534110
252256 627338
280475 481651
102394 128865
292840 698802
195895 296065
26655 35470
283233 417455
197542 535712
222892 950239
648309 987372
96095 112371
366118 646288
318595 573289
605378 687214
138230 302693
96339 508586
307505 546921
687355 691323
273021 489294
357223 700634
35756 126174
20632 99252
317193 416263
590783 625573
158017 305843
66622 75462
64844 291488
586489 907262
278859 521408
351717 363022
81619 118611
321793 694845
16098 342027
149569 273245
280198 617347
235742 530868
146915 225831
786696 867067
88305 164696
73159 103543
358069 582080
243532 985480
80630 86838
165960 258574
296793 367921
14819 706479
54873 82274
241206 329474
176373 433731
21961 228302
244570 521847
83830 105374
76022 86091
450547 673964
609013 630970
224105 266446
43297 403269
403731 737153
297757 697323
394252 485433
801377 931704
105973 330532
